2f	7	0	6
1f	4	5	3
0f	1	2	0
7f	12	10	11
6f	11	1	10
5f	7	3	6
4f	7	3	4
13f	9	5	8
9f	7	2	4
8f	12	5	8
72f	20	15	19
62f	21	14	16
52f	25	18	3	12
42f	25	22	8	12
32f	22	14	2	8
22f	15	14	2	0
12f	9	2	4
71f	22	14	21
61f	22	17	21
51f	24	18	3	10
41f	22	17	5	8
31f	21	14	2	9
21f	13	14	2	1
11f	10	1	6
29f	20	19	6	7
19f	11	1	8
39f	25	23	11	12
49f	21	16	4	9
59f	20	14	15
69f	20	18	19
70f	20	16	18
60f	21	17	16
50f	21	17	5	9
40f	25	24	10	12
30f	21	22	8	9
20f	6	0	1
10f	12	8	11
28f	20	15	0	7
18f	12	5	3
38f	24	13	1	10
48f	19	13	1	6
58f	24	18	19
68f	24	13	23
67f	25	23	24
57f	25	18	24
47f	24	19	6	10
37f	23	13	1	11
27f	19	15	0	6
17f	12	3	10
66f	25	17	22
56f	25	17	18
46f	23	22	8	11
36f	23	24	10	11
26f	16	18	3	4
16f	10	3	6
65f	20	14	16
55f	23	13	22
45f	16	14	2	4
35f	19	18	3	6
25f	18	17	5	3
15f	7	2	0
74f	15	14	13
64f	25	22	23
54f	19	13	15
44f	20	14	2	7
34f	20	18	3	7
24f	16	17	5	4
14f	9	5	4
73f	18	17	16
63f	24	13	19
53f	22	13	1	8
43f	25	17	5	12
33f	20	16	4	7
23f	13	15	0	1
3f	9	2	8
